
-999
-156
 255
-556
 792
-964
 387
 678
-758
-892
-203
  88
 469
-562
 -57
-342
 468
 117
 932
-167
-294
 673
-745
-464
-985
-327
 766
-352
-320
-921
-785
 164
 339
  57
 691
-873
-254
-229
 721
 753
-258
 299
-265
 646
-578
 214
-827
-783
 287
-335
 783
 794
 206
 894
 656
-164
 825
-329
 979
 264
-305
 537
 213
-994
-746
 625
-612
-544
-128
 418
 801
 667
 331
-644
 586
 888
 281
 261
 758
 -56
 414
-141
-828
 548
-917
-376
-472
-890
 105
 268
 579
-333
-591
-738
 555
-675
-623
-502
-561
 853
-596
-551
 578
 146
 601
 851
 459
-681
 536
 906
-756
-252
-877
-963
-234
 363
 982
 -40
 511
-245
 -63
 714
 582
 383
  63
 848
-836
 510
 -36
-399
-628
 803
-754
 543
-552
-442
-189
 602
-902
-850
 778
-303
 495
 428
-726
 598
-201
 286
  31
-487
-572
-426
-280
 795
-347
 235
 953
-105
-648
 -31
-904
-863
 391
 811
 462
-312
-311
 911
-645
-271
-879
-625
 -72
 405
-124
 994
 258
-765
 182
 927
 755
-370
 702
 392
-542
-807
 409
-895
 842
 450
 639
 591
-911
 765
-925
 290
 597
 377
 567
-396
  26
 868
 533
 804
 812
   6
-283
  10
-976
-488
 341
 -96
 551
 817
 -91
 466
 508
-822
 457
  87
 -58
 616
-197
 689
 -64
-630
 -48
 676
-235
 -28
 475
 896
-138
-652
 132
 518
 774
-955
-844
 -93
-993
 193
-539
 614
 719
-888
-475
 546
 530
-555
 569
 958
-690
 573
-248
-967
 120
-768
-408
 -42
-334
  25
-177
 130
 395
  49
 643
 194
-199
 263
 159
-290
 133
-668
 735
-597
 856
 726
 256
-457
 396
 -84
 535
 308
-719
 522
 244
-862
 309
 952
-540
 799
 509
-750
 684
 435
 910
-927
-739
-883
-896
 333
 150
-318
-724
-567
-700
-244
 -78
-116
 465
  99
-598
 679
-158
  50
-878
-192
-424
 934
-417
-847
-365
-504
 334
-826
 108
 -41
-595
-775
-250
-101
 933
 923
-409
 627
  51
-674
 503
 738
 -43
-161
 116
-887
-593
-661
 451
 350
 553
-937
 926
 640
-535
 -95
  72
 196
 370
 183
 -54
 328
-715
 701
 876
-279
-835
 274
 103
-792
 712
 914
-575
 156
-710
 464
 411
 442
-723
-172
 209
 752
 240
 187
  65
-111
-534
-749
-406
 552
-309
 621
 878
-870
-799
 506
 115
-549
-179
 515
 513
-385
 610
-134
-166
 163
-553
-501
 184
-121
 410
 732
 782
 608
-696
 151
 349
-206
-871
 575
-733
-743
 680
-519
 525
 224
-237
-470
 -18
-152
 715
-404
 832
 348
 767
  16
-642
-358
 374
 989
-296
 534
-393
-742
 -66
 148
-936
-600
 412
 499
 326
-590
-973
  -8
  29
 292
-162
  11
-418
-253
 912
 455
-115
 791
-471
 169
 739
 576
 550
-286
-744
 645
 865
 514
 371
 745
-592
 713
 -35
  28
 251
 858
 474
-357
 663
-169
 -82
 501
-673
   1
 976
-182
-558
-808
 180
 581
 881
 830
-168
-150
 373
 338
 470
   2
-217
 796
 320
-932
 144
-737
 231
 228
-336
-824
-691
 650
-507
 990
-788
 490
-852
-957
-477
-151
-732
-566
-953
-240
-965
-106
 249
 519
-402
 557
-763
-163
-506
-431
 850
-374
  44
-776
-703
-543
 192
-613
 447
 -89
-966
-267
-687
 446
-638
-284
 843
-438
  38
-713
-601
 815
-223
 267
-195
-251
 403
 590
-748
-230
-530
 757
-910
-649
 247
1000
 951
-423
-634
-398
  85
-440
  -6
 104
-468
-429
-508
 343
 790
-641
 488
-322
 966
 489
 949
-420
 993
 234
-516
-377
-606
 368
 434
 473
-403
 788
-490
 361
 810
-381
  56
 -98
 110
 -74
-922
 887
 517
-637
 102
-662
 -60
-103
-928
-818
 672
 471
 908
-728
-110
 648
 382
-481
-721
-951
-159
 207
-525
-145
 254
-295
  -7
 483
  33
-627
 -80
-493
-537
  62
 298
-480
-711
-956
-183
  20
-848
  78
 294
 594
 577
-261
 860
 628
 452
 997
-872
-362
-222
 225
 634
-255
-317
-380
 332
 889
-676
-683
-291
-174
   8
 980
 936
 940
  84
 -52
 248
-330
-699
 857
 191
 886
-908
 902
-843
 -75
 372
-155
 631
 -46
-310
 587
-659
-866
 278
 751
-669
-688
 390
 149
 335
 394
 561
 780
-582
 507
-136
-636
 347
-326
-753
 870
-503
 603
 125
-281
 -67
 161
-857
-695
 834
 855
-520
 185
 112
-629
 153
-919
-278
-816
 972
 754
-387
-492
-762
 498
 618
 170
 588
  58
-275
-146
  -3
 609
-531
-794
 223
 279
 524
-851
 871
 -61
 693
 698
-500
-467
-247
 295
-685
 823
-782
 939
-624
 -38
 750
-968
-212
   7
 502
 647
 -97
-185
  30
-679
 200
 905
-977
-771
 -37
 869
 879
-307
 996
 246
 988
 188
-712
-943
 402
 317
 984
-707
-767
 974
 545
 827
 862
-368
 746
 -94
  52
 669
 -12
 947
-946
 674
 174
 304
-323
-701
 995
 572
-869
-992
-594
-988
 630
 131
 759
  96
 277
-461
 877
 420
 314
-337
 477
 931
 921
-839
  68
 685
 208
-239
 975
 162
 937
 954
-780
-415
-410
 840
-906
 532
 353
 633
 742
-760
 496
-314
-842
-805
-524
 574
-796
-635
-135
-178
  81
 959
 381
-916
-383
 -65
 413
  12
-175
 687
-465
-505
-157
 -79
 139
 593
 568
-740
-793
 720
 807
-874
 201
 736
 404
-757
-684
 432
-730
 461
-348
-218
 542
-233
 -16
 -39
 915
 478
-242
-989
 789
 740
 106
-959
 620
 145
 136
 962
 873
 -53
-363
-602
-390
-657
-184
 641
-285
-991
 831
 665
  54
 768
 -70
-350
 800
-400
 220
-667
-647
 729
 444
-450
-950
 777
 -24
 694
 456
 866
-125
 -76
 342
-210
-512
 487
  90
 430
 303
 900
-194
-650
-849
-489
 494
 243
-207
-837
 433
-349
-356
 -20
 874
 779
-942
 704
-346
 155
 484
 118
 378
 122
-266
 549
  79
 666
-731
  73
-801
 964
 443
 775
 439
 668
-523
-249
-214
 250
-665
 771
 963
-821
 241
-781
 109
-605
 556
-213
 -44
 824
  41
-913
 538
 134
 592
 384
-979
-949
 310
-784
-264
   4
-412
 562
 523
 741
 385
 441
 238
 833
 226
 985
 864
 -81
 654
  98
-846
  91
-208
 176
-427
 516
  39
 282
 481
-299
 626
 -23
-225
 386
-930
-527
-875
 722
-751
-621
-547
 275
-727
 658
   5
  -1
 595
-361
 773
-308
 760
-573
-990
  21
 819
 948
 126
 969
-389
-654
-894
 190
 253
 237
-777
 859
-901
-227
-454
 316
-220
 854
 431
 929
-960
  70
 482
-969
 705
 325
 227
-109
-853
  42
-694
-521
 563
 521
-302
 408
  23
-272
-823
-882
-344
-859
 -26
 584
-486
  27
-829
  97
-997
-769
-574
  77
-734
-246
 389
-228
-495
-778
 158
-820
 486
 300
 761
 839
-940
 266
 852
-315
 424
-773
 605
-186
-790
-510
 526
 841
-764
 239
-428
-725
 367
 417
-118
-256
  86
-435
 121
 219
-257
 400
 907
 892
-432
 415
 707
-478
 324
 322
   0
 329
-360
 681
 897
-466
-858
-382
-119
 861
 816
 -68
-437
-263
 -22
 805
 891
 181
 485
-948
 728
-945
 890
-188
-718
-815
-496
 323
 703
 867
-678
-529
-741
 998
 312
 541
-494
 797
 215
 540
-407
 682
-301
 449
 318
-289
-108
-898
-961
-331
-817
-640
-864
 321
 -92
 560
-541
-416
 787
-100
 356
 357
-653
-926
  55
 999
 849
  66
-563
 423
 319
-102
 845
-680
 585
  82
 296
  71
-276
-463
  32
-236
-633
 218
-841
-800
 529
-770
-232
 547
-476
 453
 280
 445
 770
 147
-153
 421
 835
-300
 -88
 651
 539
 -45
-789
 142
-603
-714
  13
 884
 352
-143
-689
-298
 -33
 472
-704
-375
-971
-983
 480
-127
-449
-982
  -9
-929
-920
 135
-580
 882
 624
 463
 359
  34
-546
-697
 167
 397
-274
-277
-366
-571
-413
 360
 978
-444
 748
 401
 177
 199
 916
 806
-550
-622
 820
 283
-886
-411
-587
 179
-962
-499
-639
-867
-722
-958
 606
 638
-914
-885
 872
-933
 476
 165
 407
 527
 566
-798
 313
 210
-838
 987
 737
 558
 662
-903
 730
-345
 438
-339
-328
 175
 554
-717
-998
  76
  48
-319
 437
  75
-351
 846
 337
-131
 -47
 636
-364
 677
-632
 137
-924
-215
  94
-884
 723
 285
 195
 -15
 -25
 786
 406
-698
  -2
-935
-198
 107
 440
 376
 769
-897
 355
 734
-455
-795
 276
 -14
-306
-923
 612
 837
 808
 924
-831
 270
  19
-974
 863
 977
-117
 784
-975
-755
 531
 311
-832
-304
-462
 221
 904
-803
-752
 157
 981
-397
  35
-497
 822
 950
-273
 297
-583
 252
-614
 710
-187
 898
-369
 491
-359
 695
-371
-171
 925
-861
-191
-260
 129
-114
-443
 699
 284
-586
-391
  64
-560
-372
  40
-865
-646
-190
  47
 -21
 637
   3
-202
  95
 -51
  53
  69
-663
 143
  18
 604
-855
 128
 380
-880
-130
-367
 727
-338
 123
-620
 943
-458
 138
-126
-200
-709
 724
 302
-421
 607
 599
-137
-812
 272
 762
-373
 559
-692
-856
 918
 744
-729
-774
 733
 -13
 269
 222
-107
 -50
 327
-224
 -86
  74
-447
 -62
 262
-532
-984
 211
-282
-996
 340
 945
-193
-900
-761
 141
 615
-720
-139
 611
-664
-425
-931
 692
 436
-144
-987
 198
-113
-140
 291
 364
 671
-941
 293
-180
 528
 968
 -19
 467
-173
-568
-915
-584
-939
-909
-526
-564
 970
-918
-907
-515
 901
 265
 657
 961
 718
 700
-705
-479
 960
  17
 731
 173
-747
-434
 197
 944
-459
-514
-122
-736
-485
-619
 500
 880
 942
-533
  83
 -99
 613
 725
-938
-511
-325
  45
 813
-509
 493
 366
 305
-270
 212
-343
 -32
 -49
 -69
-484
 -55
 354
-297
 798
 301
-392
-981
 306
-702
-293
-833
-912
 716
-528
-787
  61
 479
 986
 351
-899
-813
-772
-379
 375
 670
 236
 -87
-384
-132
 913
 922
 -83
-401
-474
 127
 -11
 930
-607
-433
-452
  36
 623
 772
-944
 336
-677
-891
-154
-579
 828
 512
-226
 659
 113
 941
-262
 178
 596
 233
 -71
-819
 544
 809
-332
 571
 763
 186
-211
-581
 899
  80
-806
  60
 497
-860
-498
 826
-422
-576
-834
 114
 696
 600
 688
-978
 260
 629
-779
 217
 429
-651
 776
 454
 957
 -90
 652
  59
 580
-609
-626
 747
-766
-658
-491
-340
-386
 505
 388
-395
 119
-735
-682
 426
 358
-952
 172
 664
 965
-666
-889
-445
 675
-394
-405
 583
 653
-473
  -4
  89
 307
-436
 427
-176
 644
  46
  67
   9
-588
 706
 885
 661
-538
-448
-986
-972
-548
 991
 785
-995
 690
 168
-934
 -77
-954
-854
 229
 971
-791
 -59
-716
 448
 649
 365
 895
-569
-456
-559
-216
 154
-196
-243
-269
-616
-804
-354
 379
-518
 171
-288
 520
 686
 416
-786
-881
-608
-104
 202
 257
-353
-378
 288
-615
-947
-672
-148
-554
 504
-655
 844
-316
 655
-810
-893
-241
-970
-643
-324
  24
-238
 983
-545
-708
 124
-845
 589
 708
 160
 749
 883
-482
-671
 230
 289
-453
-430
 764
 946
-268
-388
-313
 565
-811
 570
 315
-204
  15
 920
-469
 -10
-1000
 711
 935
 836
 838
-460
-355
 -85
 821
-631
 205
 903
 273
 622
  43
 369
-802
 152
-321
 793
-483
-565
 203
-160
-231
 781
 458
 460
 802
-557
 330
 632
 967
-618
-536
-706
-617
 928
 814
 697
-604